#
0 1
0.0204039147 0.9997918185
0.0416305447 0.9991330731
0.0637001542 0.9979690829
0.0866296164 0.9962405882
0.1104315261 0.9938837347
0.1351132047 0.990830168
0.1606756021 0.9870072699
0.1871121079 0.9823385664
0.2144072948 0.9767443432
0.242535625 0.9701425001
0.271460165 0.962449676
0.3011313679 0.9535826651
0.331485995 0.9434601397
0.3624462612 0.9320046715
0.3939192986 0.91914503
0.4257970363 0.9048187022
0.4579565897 0.8889745564
0.4902612396 0.8715755371
0.5225620579 0.8526012524
0.5547001962 0.8320502943
0.5865098122 0.8099421215
0.6178215519 0.7863183388
0.6484664556 0.7612432305
0.6782801027 0.7348034446
0.7071067812 0.7071067812
0.7348034446 0.6782801027
0.7612432305 0.6484664556
0.7863183388 0.6178215519
0.8099421215 0.5865098122
0.8320502943 0.5547001962
0.8526012524 0.5225620579
0.8715755371 0.4902612396
0.8889745564 0.4579565897
0.9048187022 0.4257970363
0.91914503 0.3939192986
0.9320046715 0.3624462612
0.9434601397 0.331485995
0.9535826651 0.3011313679
0.962449676 0.271460165
0.9701425001 0.242535625
0.9767443432 0.2144072948
0.9823385664 0.1871121079
0.9870072699 0.1606756021
0.990830168 0.1351132047
0.9938837347 0.1104315261
0.9962405882 0.0866296164
0.9979690829 0.0637001542
0.9991330731 0.0416305447
0.9997918185 0.0204039147
1 0
#