0	0	0	0	0	0	0	0	0	1	
0	0	0	0	0	0	0	0	0.333333	0.666667	
0	0	0	0	0	0	0	0	0.666667	0.333333	
0	0	0	0	0	0	0	0	1	0	
0	0	0	0	0	0	0	0.333333	0	0.666667	
0	0	0	0	0	0	0	0.333333	0.333333	0.333333	
0	0	0	0	0	0	0	0.333333	0.666667	0	
0	0	0	0	0	0	0	0.666667	0	0.333333	
0	0	0	0	0	0	0	0.666667	0.333333	0	
0	0	0	0	0	0	0	1	0	0	
0	0	0	0	0	0	0.333333	0	0	0.666667	
0	0	0	0	0	0	0.333333	0	0.333333	0.333333	
0	0	0	0	0	0	0.333333	0	0.666667	0	
0	0	0	0	0	0	0.333333	0.333333	0	0.333333	
0	0	0	0	0	0	0.333333	0.333333	0.333333	0	
0	0	0	0	0	0	0.333333	0.666667	0	0	
0	0	0	0	0	0	0.666667	0	0	0.333333	
0	0	0	0	0	0	0.666667	0	0.333333	0	
0	0	0	0	0	0	0.666667	0.333333	0	0	
0	0	0	0	0	0	1	0	0	0	
0	0	0	0	0	0.333333	0	0	0	0.666667	
0	0	0	0	0	0.333333	0	0	0.333333	0.333333	
0	0	0	0	0	0.333333	0	0	0.666667	0	
0	0	0	0	0	0.333333	0	0.333333	0	0.333333	
0	0	0	0	0	0.333333	0	0.333333	0.333333	0	
0	0	0	0	0	0.333333	0	0.666667	0	0	
0	0	0	0	0	0.333333	0.333333	0	0	0.333333	
0	0	0	0	0	0.333333	0.333333	0	0.333333	0	
0	0	0	0	0	0.333333	0.333333	0.333333	0	0	
0	0	0	0	0	0.333333	0.666667	0	0	0	
0	0	0	0	0	0.666667	0	0	0	0.333333	
0	0	0	0	0	0.666667	0	0	0.333333	0	
0	0	0	0	0	0.666667	0	0.333333	0	0	
0	0	0	0	0	0.666667	0.333333	0	0	0	
0	0	0	0	0	1	0	0	0	0	
0	0	0	0	0.333333	0	0	0	0	0.666667	
0	0	0	0	0.333333	0	0	0	0.333333	0.333333	
0	0	0	0	0.333333	0	0	0	0.666667	0	
0	0	0	0	0.333333	0	0	0.333333	0	0.333333	
0	0	0	0	0.333333	0	0	0.333333	0.333333	0	
0	0	0	0	0.333333	0	0	0.666667	0	0	
0	0	0	0	0.333333	0	0.333333	0	0	0.333333	
0	0	0	0	0.333333	0	0.333333	0	0.333333	0	
0	0	0	0	0.333333	0	0.333333	0.333333	0	0	
0	0	0	0	0.333333	0	0.666667	0	0	0	
0	0	0	0	0.333333	0.333333	0	0	0	0.333333	
0	0	0	0	0.333333	0.333333	0	0	0.333333	0	
0	0	0	0	0.333333	0.333333	0	0.333333	0	0	
0	0	0	0	0.333333	0.333333	0.333333	0	0	0	
0	0	0	0	0.333333	0.666667	0	0	0	0	
0	0	0	0	0.666667	0	0	0	0	0.333333	
0	0	0	0	0.666667	0	0	0	0.333333	0	
0	0	0	0	0.666667	0	0	0.333333	0	0	
0	0	0	0	0.666667	0	0.333333	0	0	0	
0	0	0	0	0.666667	0.333333	0	0	0	0	
0	0	0	0	1	0	0	0	0	0	
0	0	0	0.333333	0	0	0	0	0	0.666667	
0	0	0	0.333333	0	0	0	0	0.333333	0.333333	
0	0	0	0.333333	0	0	0	0	0.666667	0	
0	0	0	0.333333	0	0	0	0.333333	0	0.333333	
0	0	0	0.333333	0	0	0	0.333333	0.333333	0	
0	0	0	0.333333	0	0	0	0.666667	0	0	
0	0	0	0.333333	0	0	0.333333	0	0	0.333333	
0	0	0	0.333333	0	0	0.333333	0	0.333333	0	
0	0	0	0.333333	0	0	0.333333	0.333333	0	0	
0	0	0	0.333333	0	0	0.666667	0	0	0	
0	0	0	0.333333	0	0.333333	0	0	0	0.333333	
0	0	0	0.333333	0	0.333333	0	0	0.333333	0	
0	0	0	0.333333	0	0.333333	0	0.333333	0	0	
0	0	0	0.333333	0	0.333333	0.333333	0	0	0	
0	0	0	0.333333	0	0.666667	0	0	0	0	
0	0	0	0.333333	0.333333	0	0	0	0	0.333333	
0	0	0	0.333333	0.333333	0	0	0	0.333333	0	
0	0	0	0.333333	0.333333	0	0	0.333333	0	0	
0	0	0	0.333333	0.333333	0	0.333333	0	0	0	
0	0	0	0.333333	0.333333	0.333333	0	0	0	0	
0	0	0	0.333333	0.666667	0	0	0	0	0	
0	0	0	0.666667	0	0	0	0	0	0.333333	
0	0	0	0.666667	0	0	0	0	0.333333	0	
0	0	0	0.666667	0	0	0	0.333333	0	0	
0	0	0	0.666667	0	0	0.333333	0	0	0	
0	0	0	0.666667	0	0.333333	0	0	0	0	
0	0	0	0.666667	0.333333	0	0	0	0	0	
0	0	0	1	0	0	0	0	0	0	
0	0	0.333333	0	0	0	0	0	0	0.666667	
0	0	0.333333	0	0	0	0	0	0.333333	0.333333	
0	0	0.333333	0	0	0	0	0	0.666667	0	
0	0	0.333333	0	0	0	0	0.333333	0	0.333333	
0	0	0.333333	0	0	0	0	0.333333	0.333333	0	
0	0	0.333333	0	0	0	0	0.666667	0	0	
0	0	0.333333	0	0	0	0.333333	0	0	0.333333	
0	0	0.333333	0	0	0	0.333333	0	0.333333	0	
0	0	0.333333	0	0	0	0.333333	0.333333	0	0	
0	0	0.333333	0	0	0	0.666667	0	0	0	
0	0	0.333333	0	0	0.333333	0	0	0	0.333333	
0	0	0.333333	0	0	0.333333	0	0	0.333333	0	
0	0	0.333333	0	0	0.333333	0	0.333333	0	0	
0	0	0.333333	0	0	0.333333	0.333333	0	0	0	
0	0	0.333333	0	0	0.666667	0	0	0	0	
0	0	0.333333	0	0.333333	0	0	0	0	0.333333	
0	0	0.333333	0	0.333333	0	0	0	0.333333	0	
0	0	0.333333	0	0.333333	0	0	0.333333	0	0	
0	0	0.333333	0	0.333333	0	0.333333	0	0	0	
0	0	0.333333	0	0.333333	0.333333	0	0	0	0	
0	0	0.333333	0	0.666667	0	0	0	0	0	
0	0	0.333333	0.333333	0	0	0	0	0	0.333333	
0	0	0.333333	0.333333	0	0	0	0	0.333333	0	
0	0	0.333333	0.333333	0	0	0	0.333333	0	0	
0	0	0.333333	0.333333	0	0	0.333333	0	0	0	
0	0	0.333333	0.333333	0	0.333333	0	0	0	0	
0	0	0.333333	0.333333	0.333333	0	0	0	0	0	
0	0	0.333333	0.666667	0	0	0	0	0	0	
0	0	0.666667	0	0	0	0	0	0	0.333333	
0	0	0.666667	0	0	0	0	0	0.333333	0	
0	0	0.666667	0	0	0	0	0.333333	0	0	
0	0	0.666667	0	0	0	0.333333	0	0	0	
0	0	0.666667	0	0	0.333333	0	0	0	0	
0	0	0.666667	0	0.333333	0	0	0	0	0	
0	0	0.666667	0.333333	0	0	0	0	0	0	
0	0	1	0	0	0	0	0	0	0	
0	0.333333	0	0	0	0	0	0	0	0.666667	
0	0.333333	0	0	0	0	0	0	0.333333	0.333333	
0	0.333333	0	0	0	0	0	0	0.666667	0	
0	0.333333	0	0	0	0	0	0.333333	0	0.333333	
0	0.333333	0	0	0	0	0	0.333333	0.333333	0	
0	0.333333	0	0	0	0	0	0.666667	0	0	
0	0.333333	0	0	0	0	0.333333	0	0	0.333333	
0	0.333333	0	0	0	0	0.333333	0	0.333333	0	
0	0.333333	0	0	0	0	0.333333	0.333333	0	0	
0	0.333333	0	0	0	0	0.666667	0	0	0	
0	0.333333	0	0	0	0.333333	0	0	0	0.333333	
0	0.333333	0	0	0	0.333333	0	0	0.333333	0	
0	0.333333	0	0	0	0.333333	0	0.333333	0	0	
0	0.333333	0	0	0	0.333333	0.333333	0	0	0	
0	0.333333	0	0	0	0.666667	0	0	0	0	
0	0.333333	0	0	0.333333	0	0	0	0	0.333333	
0	0.333333	0	0	0.333333	0	0	0	0.333333	0	
0	0.333333	0	0	0.333333	0	0	0.333333	0	0	
0	0.333333	0	0	0.333333	0	0.333333	0	0	0	
0	0.333333	0	0	0.333333	0.333333	0	0	0	0	
0	0.333333	0	0	0.666667	0	0	0	0	0	
0	0.333333	0	0.333333	0	0	0	0	0	0.333333	
0	0.333333	0	0.333333	0	0	0	0	0.333333	0	
0	0.333333	0	0.333333	0	0	0	0.333333	0	0	
0	0.333333	0	0.333333	0	0	0.333333	0	0	0	
0	0.333333	0	0.333333	0	0.333333	0	0	0	0	
0	0.333333	0	0.333333	0.333333	0	0	0	0	0	
0	0.333333	0	0.666667	0	0	0	0	0	0	
0	0.333333	0.333333	0	0	0	0	0	0	0.333333	
0	0.333333	0.333333	0	0	0	0	0	0.333333	0	
0	0.333333	0.333333	0	0	0	0	0.333333	0	0	
0	0.333333	0.333333	0	0	0	0.333333	0	0	0	
0	0.333333	0.333333	0	0	0.333333	0	0	0	0	
0	0.333333	0.333333	0	0.333333	0	0	0	0	0	
0	0.333333	0.333333	0.333333	0	0	0	0	0	0	
0	0.333333	0.666667	0	0	0	0	0	0	0	
0	0.666667	0	0	0	0	0	0	0	0.333333	
0	0.666667	0	0	0	0	0	0	0.333333	0	
0	0.666667	0	0	0	0	0	0.333333	0	0	
0	0.666667	0	0	0	0	0.333333	0	0	0	
0	0.666667	0	0	0	0.333333	0	0	0	0	
0	0.666667	0	0	0.333333	0	0	0	0	0	
0	0.666667	0	0.333333	0	0	0	0	0	0	
0	0.666667	0.333333	0	0	0	0	0	0	0	
0	1	0	0	0	0	0	0	0	0	
0.333333	0	0	0	0	0	0	0	0	0.666667	
0.333333	0	0	0	0	0	0	0	0.333333	0.333333	
0.333333	0	0	0	0	0	0	0	0.666667	0	
0.333333	0	0	0	0	0	0	0.333333	0	0.333333	
0.333333	0	0	0	0	0	0	0.333333	0.333333	0	
0.333333	0	0	0	0	0	0	0.666667	0	0	
0.333333	0	0	0	0	0	0.333333	0	0	0.333333	
0.333333	0	0	0	0	0	0.333333	0	0.333333	0	
0.333333	0	0	0	0	0	0.333333	0.333333	0	0	
0.333333	0	0	0	0	0	0.666667	0	0	0	
0.333333	0	0	0	0	0.333333	0	0	0	0.333333	
0.333333	0	0	0	0	0.333333	0	0	0.333333	0	
0.333333	0	0	0	0	0.333333	0	0.333333	0	0	
0.333333	0	0	0	0	0.333333	0.333333	0	0	0	
0.333333	0	0	0	0	0.666667	0	0	0	0	
0.333333	0	0	0	0.333333	0	0	0	0	0.333333	
0.333333	0	0	0	0.333333	0	0	0	0.333333	0	
0.333333	0	0	0	0.333333	0	0	0.333333	0	0	
0.333333	0	0	0	0.333333	0	0.333333	0	0	0	
0.333333	0	0	0	0.333333	0.333333	0	0	0	0	
0.333333	0	0	0	0.666667	0	0	0	0	0	
0.333333	0	0	0.333333	0	0	0	0	0	0.333333	
0.333333	0	0	0.333333	0	0	0	0	0.333333	0	
0.333333	0	0	0.333333	0	0	0	0.333333	0	0	
0.333333	0	0	0.333333	0	0	0.333333	0	0	0	
0.333333	0	0	0.333333	0	0.333333	0	0	0	0	
0.333333	0	0	0.333333	0.333333	0	0	0	0	0	
0.333333	0	0	0.666667	0	0	0	0	0	0	
0.333333	0	0.333333	0	0	0	0	0	0	0.333333	
0.333333	0	0.333333	0	0	0	0	0	0.333333	0	
0.333333	0	0.333333	0	0	0	0	0.333333	0	0	
0.333333	0	0.333333	0	0	0	0.333333	0	0	0	
0.333333	0	0.333333	0	0	0.333333	0	0	0	0	
0.333333	0	0.333333	0	0.333333	0	0	0	0	0	
0.333333	0	0.333333	0.333333	0	0	0	0	0	0	
0.333333	0	0.666667	0	0	0	0	0	0	0	
0.333333	0.333333	0	0	0	0	0	0	0	0.333333	
0.333333	0.333333	0	0	0	0	0	0	0.333333	0	
0.333333	0.333333	0	0	0	0	0	0.333333	0	0	
0.333333	0.333333	0	0	0	0	0.333333	0	0	0	
0.333333	0.333333	0	0	0	0.333333	0	0	0	0	
0.333333	0.333333	0	0	0.333333	0	0	0	0	0	
0.333333	0.333333	0	0.333333	0	0	0	0	0	0	
0.333333	0.333333	0.333333	0	0	0	0	0	0	0	
0.333333	0.666667	0	0	0	0	0	0	0	0	
0.666667	0	0	0	0	0	0	0	0	0.333333	
0.666667	0	0	0	0	0	0	0	0.333333	0	
0.666667	0	0	0	0	0	0	0.333333	0	0	
0.666667	0	0	0	0	0	0.333333	0	0	0	
0.666667	0	0	0	0	0.333333	0	0	0	0	
0.666667	0	0	0	0.333333	0	0	0	0	0	
0.666667	0	0	0.333333	0	0	0	0	0	0	
0.666667	0	0.333333	0	0	0	0	0	0	0	
0.666667	0.333333	0	0	0	0	0	0	0	0	
1	0	0	0	0	0	0	0	0	0	
0.05	0.05	0.05	0.05	0.05	0.05	0.05	0.05	0.05	0.55	
0.05	0.05	0.05	0.05	0.05	0.05	0.05	0.05	0.3	0.3	
0.05	0.05	0.05	0.05	0.05	0.05	0.05	0.05	0.55	0.05	
0.05	0.05	0.05	0.05	0.05	0.05	0.05	0.3	0.05	0.3	
0.05	0.05	0.05	0.05	0.05	0.05	0.05	0.3	0.3	0.05	
0.05	0.05	0.05	0.05	0.05	0.05	0.05	0.55	0.05	0.05	
0.05	0.05	0.05	0.05	0.05	0.05	0.3	0.05	0.05	0.3	
0.05	0.05	0.05	0.05	0.05	0.05	0.3	0.05	0.3	0.05	
0.05	0.05	0.05	0.05	0.05	0.05	0.3	0.3	0.05	0.05	
0.05	0.05	0.05	0.05	0.05	0.05	0.55	0.05	0.05	0.05	
0.05	0.05	0.05	0.05	0.05	0.3	0.05	0.05	0.05	0.3	
0.05	0.05	0.05	0.05	0.05	0.3	0.05	0.05	0.3	0.05	
0.05	0.05	0.05	0.05	0.05	0.3	0.05	0.3	0.05	0.05	
0.05	0.05	0.05	0.05	0.05	0.3	0.3	0.05	0.05	0.05	
0.05	0.05	0.05	0.05	0.05	0.55	0.05	0.05	0.05	0.05	
0.05	0.05	0.05	0.05	0.3	0.05	0.05	0.05	0.05	0.3	
0.05	0.05	0.05	0.05	0.3	0.05	0.05	0.05	0.3	0.05	
0.05	0.05	0.05	0.05	0.3	0.05	0.05	0.3	0.05	0.05	
0.05	0.05	0.05	0.05	0.3	0.05	0.3	0.05	0.05	0.05	
0.05	0.05	0.05	0.05	0.3	0.3	0.05	0.05	0.05	0.05	
0.05	0.05	0.05	0.05	0.55	0.05	0.05	0.05	0.05	0.05	
0.05	0.05	0.05	0.3	0.05	0.05	0.05	0.05	0.05	0.3	
0.05	0.05	0.05	0.3	0.05	0.05	0.05	0.05	0.3	0.05	
0.05	0.05	0.05	0.3	0.05	0.05	0.05	0.3	0.05	0.05	
0.05	0.05	0.05	0.3	0.05	0.05	0.3	0.05	0.05	0.05	
0.05	0.05	0.05	0.3	0.05	0.3	0.05	0.05	0.05	0.05	
0.05	0.05	0.05	0.3	0.3	0.05	0.05	0.05	0.05	0.05	
0.05	0.05	0.05	0.55	0.05	0.05	0.05	0.05	0.05	0.05	
0.05	0.05	0.3	0.05	0.05	0.05	0.05	0.05	0.05	0.3	
0.05	0.05	0.3	0.05	0.05	0.05	0.05	0.05	0.3	0.05	
0.05	0.05	0.3	0.05	0.05	0.05	0.05	0.3	0.05	0.05	
0.05	0.05	0.3	0.05	0.05	0.05	0.3	0.05	0.05	0.05	
0.05	0.05	0.3	0.05	0.05	0.3	0.05	0.05	0.05	0.05	
0.05	0.05	0.3	0.05	0.3	0.05	0.05	0.05	0.05	0.05	
0.05	0.05	0.3	0.3	0.05	0.05	0.05	0.05	0.05	0.05	
0.05	0.05	0.55	0.05	0.05	0.05	0.05	0.05	0.05	0.05	
0.05	0.3	0.05	0.05	0.05	0.05	0.05	0.05	0.05	0.3	
0.05	0.3	0.05	0.05	0.05	0.05	0.05	0.05	0.3	0.05	
0.05	0.3	0.05	0.05	0.05	0.05	0.05	0.3	0.05	0.05	
0.05	0.3	0.05	0.05	0.05	0.05	0.3	0.05	0.05	0.05	
0.05	0.3	0.05	0.05	0.05	0.3	0.05	0.05	0.05	0.05	
0.05	0.3	0.05	0.05	0.3	0.05	0.05	0.05	0.05	0.05	
0.05	0.3	0.05	0.3	0.05	0.05	0.05	0.05	0.05	0.05	
0.05	0.3	0.3	0.05	0.05	0.05	0.05	0.05	0.05	0.05	
0.05	0.55	0.05	0.05	0.05	0.05	0.05	0.05	0.05	0.05	
0.3	0.05	0.05	0.05	0.05	0.05	0.05	0.05	0.05	0.3	
0.3	0.05	0.05	0.05	0.05	0.05	0.05	0.05	0.3	0.05	
0.3	0.05	0.05	0.05	0.05	0.05	0.05	0.3	0.05	0.05	
0.3	0.05	0.05	0.05	0.05	0.05	0.3	0.05	0.05	0.05	
0.3	0.05	0.05	0.05	0.05	0.3	0.05	0.05	0.05	0.05	
0.3	0.05	0.05	0.05	0.3	0.05	0.05	0.05	0.05	0.05	
0.3	0.05	0.05	0.3	0.05	0.05	0.05	0.05	0.05	0.05	
0.3	0.05	0.3	0.05	0.05	0.05	0.05	0.05	0.05	0.05	
0.3	0.3	0.05	0.05	0.05	0.05	0.05	0.05	0.05	0.05	
0.55	0.05	0.05	0.05	0.05	0.05	0.05	0.05	0.05	0.05	
