0	0	0	0	0	0	0	0	0	0	0	0	0	0	1	
0	0	0	0	0	0	0	0	0	0	0	0	0	0.5	0.5	
0	0	0	0	0	0	0	0	0	0	0	0	0	1	0	
0	0	0	0	0	0	0	0	0	0	0	0	0.5	0	0.5	
0	0	0	0	0	0	0	0	0	0	0	0	0.5	0.5	0	
0	0	0	0	0	0	0	0	0	0	0	0	1	0	0	
0	0	0	0	0	0	0	0	0	0	0	0.5	0	0	0.5	
0	0	0	0	0	0	0	0	0	0	0	0.5	0	0.5	0	
0	0	0	0	0	0	0	0	0	0	0	0.5	0.5	0	0	
0	0	0	0	0	0	0	0	0	0	0	1	0	0	0	
0	0	0	0	0	0	0	0	0	0	0.5	0	0	0	0.5	
0	0	0	0	0	0	0	0	0	0	0.5	0	0	0.5	0	
0	0	0	0	0	0	0	0	0	0	0.5	0	0.5	0	0	
0	0	0	0	0	0	0	0	0	0	0.5	0.5	0	0	0	
0	0	0	0	0	0	0	0	0	0	1	0	0	0	0	
0	0	0	0	0	0	0	0	0	0.5	0	0	0	0	0.5	
0	0	0	0	0	0	0	0	0	0.5	0	0	0	0.5	0	
0	0	0	0	0	0	0	0	0	0.5	0	0	0.5	0	0	
0	0	0	0	0	0	0	0	0	0.5	0	0.5	0	0	0	
0	0	0	0	0	0	0	0	0	0.5	0.5	0	0	0	0	
0	0	0	0	0	0	0	0	0	1	0	0	0	0	0	
0	0	0	0	0	0	0	0	0.5	0	0	0	0	0	0.5	
0	0	0	0	0	0	0	0	0.5	0	0	0	0	0.5	0	
0	0	0	0	0	0	0	0	0.5	0	0	0	0.5	0	0	
0	0	0	0	0	0	0	0	0.5	0	0	0.5	0	0	0	
0	0	0	0	0	0	0	0	0.5	0	0.5	0	0	0	0	
0	0	0	0	0	0	0	0	0.5	0.5	0	0	0	0	0	
0	0	0	0	0	0	0	0	1	0	0	0	0	0	0	
0	0	0	0	0	0	0	0.5	0	0	0	0	0	0	0.5	
0	0	0	0	0	0	0	0.5	0	0	0	0	0	0.5	0	
0	0	0	0	0	0	0	0.5	0	0	0	0	0.5	0	0	
0	0	0	0	0	0	0	0.5	0	0	0	0.5	0	0	0	
0	0	0	0	0	0	0	0.5	0	0	0.5	0	0	0	0	
0	0	0	0	0	0	0	0.5	0	0.5	0	0	0	0	0	
0	0	0	0	0	0	0	0.5	0.5	0	0	0	0	0	0	
0	0	0	0	0	0	0	1	0	0	0	0	0	0	0	
0	0	0	0	0	0	0.5	0	0	0	0	0	0	0	0.5	
0	0	0	0	0	0	0.5	0	0	0	0	0	0	0.5	0	
0	0	0	0	0	0	0.5	0	0	0	0	0	0.5	0	0	
0	0	0	0	0	0	0.5	0	0	0	0	0.5	0	0	0	
0	0	0	0	0	0	0.5	0	0	0	0.5	0	0	0	0	
0	0	0	0	0	0	0.5	0	0	0.5	0	0	0	0	0	
0	0	0	0	0	0	0.5	0	0.5	0	0	0	0	0	0	
0	0	0	0	0	0	0.5	0.5	0	0	0	0	0	0	0	
0	0	0	0	0	0	1	0	0	0	0	0	0	0	0	
0	0	0	0	0	0.5	0	0	0	0	0	0	0	0	0.5	
0	0	0	0	0	0.5	0	0	0	0	0	0	0	0.5	0	
0	0	0	0	0	0.5	0	0	0	0	0	0	0.5	0	0	
0	0	0	0	0	0.5	0	0	0	0	0	0.5	0	0	0	
0	0	0	0	0	0.5	0	0	0	0	0.5	0	0	0	0	
0	0	0	0	0	0.5	0	0	0	0.5	0	0	0	0	0	
0	0	0	0	0	0.5	0	0	0.5	0	0	0	0	0	0	
0	0	0	0	0	0.5	0	0.5	0	0	0	0	0	0	0	
0	0	0	0	0	0.5	0.5	0	0	0	0	0	0	0	0	
0	0	0	0	0	1	0	0	0	0	0	0	0	0	0	
0	0	0	0	0.5	0	0	0	0	0	0	0	0	0	0.5	
0	0	0	0	0.5	0	0	0	0	0	0	0	0	0.5	0	
0	0	0	0	0.5	0	0	0	0	0	0	0	0.5	0	0	
0	0	0	0	0.5	0	0	0	0	0	0	0.5	0	0	0	
0	0	0	0	0.5	0	0	0	0	0	0.5	0	0	0	0	
0	0	0	0	0.5	0	0	0	0	0.5	0	0	0	0	0	
0	0	0	0	0.5	0	0	0	0.5	0	0	0	0	0	0	
0	0	0	0	0.5	0	0	0.5	0	0	0	0	0	0	0	
0	0	0	0	0.5	0	0.5	0	0	0	0	0	0	0	0	
0	0	0	0	0.5	0.5	0	0	0	0	0	0	0	0	0	
0	0	0	0	1	0	0	0	0	0	0	0	0	0	0	
0	0	0	0.5	0	0	0	0	0	0	0	0	0	0	0.5	
0	0	0	0.5	0	0	0	0	0	0	0	0	0	0.5	0	
0	0	0	0.5	0	0	0	0	0	0	0	0	0.5	0	0	
0	0	0	0.5	0	0	0	0	0	0	0	0.5	0	0	0	
0	0	0	0.5	0	0	0	0	0	0	0.5	0	0	0	0	
0	0	0	0.5	0	0	0	0	0	0.5	0	0	0	0	0	
0	0	0	0.5	0	0	0	0	0.5	0	0	0	0	0	0	
0	0	0	0.5	0	0	0	0.5	0	0	0	0	0	0	0	
0	0	0	0.5	0	0	0.5	0	0	0	0	0	0	0	0	
0	0	0	0.5	0	0.5	0	0	0	0	0	0	0	0	0	
0	0	0	0.5	0.5	0	0	0	0	0	0	0	0	0	0	
0	0	0	1	0	0	0	0	0	0	0	0	0	0	0	
0	0	0.5	0	0	0	0	0	0	0	0	0	0	0	0.5	
0	0	0.5	0	0	0	0	0	0	0	0	0	0	0.5	0	
0	0	0.5	0	0	0	0	0	0	0	0	0	0.5	0	0	
0	0	0.5	0	0	0	0	0	0	0	0	0.5	0	0	0	
0	0	0.5	0	0	0	0	0	0	0	0.5	0	0	0	0	
0	0	0.5	0	0	0	0	0	0	0.5	0	0	0	0	0	
0	0	0.5	0	0	0	0	0	0.5	0	0	0	0	0	0	
0	0	0.5	0	0	0	0	0.5	0	0	0	0	0	0	0	
0	0	0.5	0	0	0	0.5	0	0	0	0	0	0	0	0	
0	0	0.5	0	0	0.5	0	0	0	0	0	0	0	0	0	
0	0	0.5	0	0.5	0	0	0	0	0	0	0	0	0	0	
0	0	0.5	0.5	0	0	0	0	0	0	0	0	0	0	0	
0	0	1	0	0	0	0	0	0	0	0	0	0	0	0	
0	0.5	0	0	0	0	0	0	0	0	0	0	0	0	0.5	
0	0.5	0	0	0	0	0	0	0	0	0	0	0	0.5	0	
0	0.5	0	0	0	0	0	0	0	0	0	0	0.5	0	0	
0	0.5	0	0	0	0	0	0	0	0	0	0.5	0	0	0	
0	0.5	0	0	0	0	0	0	0	0	0.5	0	0	0	0	
0	0.5	0	0	0	0	0	0	0	0.5	0	0	0	0	0	
0	0.5	0	0	0	0	0	0	0.5	0	0	0	0	0	0	
0	0.5	0	0	0	0	0	0.5	0	0	0	0	0	0	0	
0	0.5	0	0	0	0	0.5	0	0	0	0	0	0	0	0	
0	0.5	0	0	0	0.5	0	0	0	0	0	0	0	0	0	
0	0.5	0	0	0.5	0	0	0	0	0	0	0	0	0	0	
0	0.5	0	0.5	0	0	0	0	0	0	0	0	0	0	0	
0	0.5	0.5	0	0	0	0	0	0	0	0	0	0	0	0	
0	1	0	0	0	0	0	0	0	0	0	0	0	0	0	
0.5	0	0	0	0	0	0	0	0	0	0	0	0	0	0.5	
0.5	0	0	0	0	0	0	0	0	0	0	0	0	0.5	0	
0.5	0	0	0	0	0	0	0	0	0	0	0	0.5	0	0	
0.5	0	0	0	0	0	0	0	0	0	0	0.5	0	0	0	
0.5	0	0	0	0	0	0	0	0	0	0.5	0	0	0	0	
0.5	0	0	0	0	0	0	0	0	0.5	0	0	0	0	0	
0.5	0	0	0	0	0	0	0	0.5	0	0	0	0	0	0	
0.5	0	0	0	0	0	0	0.5	0	0	0	0	0	0	0	
0.5	0	0	0	0	0	0.5	0	0	0	0	0	0	0	0	
0.5	0	0	0	0	0.5	0	0	0	0	0	0	0	0	0	
0.5	0	0	0	0.5	0	0	0	0	0	0	0	0	0	0	
0.5	0	0	0.5	0	0	0	0	0	0	0	0	0	0	0	
0.5	0	0.5	0	0	0	0	0	0	0	0	0	0	0	0	
0.5	0.5	0	0	0	0	0	0	0	0	0	0	0	0	0	
1	0	0	0	0	0	0	0	0	0	0	0	0	0	0	
0.0333333	0.0333333	0.0333333	0.0333333	0.0333333	0.0333333	0.0333333	0.0333333	0.0333333	0.0333333	0.0333333	0.0333333	0.0333333	0.0333333	0.533333	
0.0333333	0.0333333	0.0333333	0.0333333	0.0333333	0.0333333	0.0333333	0.0333333	0.0333333	0.0333333	0.0333333	0.0333333	0.0333333	0.533333	0.0333333	
0.0333333	0.0333333	0.0333333	0.0333333	0.0333333	0.0333333	0.0333333	0.0333333	0.0333333	0.0333333	0.0333333	0.0333333	0.533333	0.0333333	0.0333333	
0.0333333	0.0333333	0.0333333	0.0333333	0.0333333	0.0333333	0.0333333	0.0333333	0.0333333	0.0333333	0.0333333	0.533333	0.0333333	0.0333333	0.0333333	
0.0333333	0.0333333	0.0333333	0.0333333	0.0333333	0.0333333	0.0333333	0.0333333	0.0333333	0.0333333	0.533333	0.0333333	0.0333333	0.0333333	0.0333333	
0.0333333	0.0333333	0.0333333	0.0333333	0.0333333	0.0333333	0.0333333	0.0333333	0.0333333	0.533333	0.0333333	0.0333333	0.0333333	0.0333333	0.0333333	
0.0333333	0.0333333	0.0333333	0.0333333	0.0333333	0.0333333	0.0333333	0.0333333	0.533333	0.0333333	0.0333333	0.0333333	0.0333333	0.0333333	0.0333333	
0.0333333	0.0333333	0.0333333	0.0333333	0.0333333	0.0333333	0.0333333	0.533333	0.0333333	0.0333333	0.0333333	0.0333333	0.0333333	0.0333333	0.0333333	
0.0333333	0.0333333	0.0333333	0.0333333	0.0333333	0.0333333	0.533333	0.0333333	0.0333333	0.0333333	0.0333333	0.0333333	0.0333333	0.0333333	0.0333333	
0.0333333	0.0333333	0.0333333	0.0333333	0.0333333	0.533333	0.0333333	0.0333333	0.0333333	0.0333333	0.0333333	0.0333333	0.0333333	0.0333333	0.0333333	
0.0333333	0.0333333	0.0333333	0.0333333	0.533333	0.0333333	0.0333333	0.0333333	0.0333333	0.0333333	0.0333333	0.0333333	0.0333333	0.0333333	0.0333333	
0.0333333	0.0333333	0.0333333	0.533333	0.0333333	0.0333333	0.0333333	0.0333333	0.0333333	0.0333333	0.0333333	0.0333333	0.0333333	0.0333333	0.0333333	
0.0333333	0.0333333	0.533333	0.0333333	0.0333333	0.0333333	0.0333333	0.0333333	0.0333333	0.0333333	0.0333333	0.0333333	0.0333333	0.0333333	0.0333333	
0.0333333	0.533333	0.0333333	0.0333333	0.0333333	0.0333333	0.0333333	0.0333333	0.0333333	0.0333333	0.0333333	0.0333333	0.0333333	0.0333333	0.0333333	
0.533333	0.0333333	0.0333333	0.0333333	0.0333333	0.0333333	0.0333333	0.0333333	0.0333333	0.0333333	0.0333333	0.0333333	0.0333333	0.0333333	0.0333333	
