0	1	
0.00250627	0.997494	
0.00501253	0.994987	
0.0075188	0.992481	
0.0100251	0.989975	
0.0125313	0.987469	
0.0150376	0.984962	
0.0175439	0.982456	
0.0200501	0.97995	
0.0225564	0.977444	
0.0250627	0.974937	
0.0275689	0.972431	
0.0300752	0.969925	
0.0325815	0.967419	
0.0350877	0.964912	
0.037594	0.962406	
0.0401003	0.9599	
0.0426065	0.957393	
0.0451128	0.954887	
0.047619	0.952381	
0.0501253	0.949875	
0.0526316	0.947368	
0.0551378	0.944862	
0.0576441	0.942356	
0.0601504	0.93985	
0.0626566	0.937343	
0.0651629	0.934837	
0.0676692	0.932331	
0.0701754	0.929825	
0.0726817	0.927318	
0.075188	0.924812	
0.0776942	0.922306	
0.0802005	0.919799	
0.0827068	0.917293	
0.085213	0.914787	
0.0877193	0.912281	
0.0902256	0.909774	
0.0927318	0.907268	
0.0952381	0.904762	
0.0977444	0.902256	
0.100251	0.899749	
0.102757	0.897243	
0.105263	0.894737	
0.107769	0.892231	
0.110276	0.889724	
0.112782	0.887218	
0.115288	0.884712	
0.117794	0.882206	
0.120301	0.879699	
0.122807	0.877193	
0.125313	0.874687	
0.12782	0.87218	
0.130326	0.869674	
0.132832	0.867168	
0.135338	0.864662	
0.137845	0.862155	
0.140351	0.859649	
0.142857	0.857143	
0.145363	0.854637	
0.14787	0.85213	
0.150376	0.849624	
0.152882	0.847118	
0.155388	0.844612	
0.157895	0.842105	
0.160401	0.839599	
0.162907	0.837093	
0.165414	0.834586	
0.16792	0.83208	
0.170426	0.829574	
0.172932	0.827068	
0.175439	0.824561	
0.177945	0.822055	
0.180451	0.819549	
0.182957	0.817043	
0.185464	0.814536	
0.18797	0.81203	
0.190476	0.809524	
0.192982	0.807018	
0.195489	0.804511	
0.197995	0.802005	
0.200501	0.799499	
0.203008	0.796992	
0.205514	0.794486	
0.20802	0.79198	
0.210526	0.789474	
0.213033	0.786967	
0.215539	0.784461	
0.218045	0.781955	
0.220551	0.779449	
0.223058	0.776942	
0.225564	0.774436	
0.22807	0.77193	
0.230576	0.769424	
0.233083	0.766917	
0.235589	0.764411	
0.238095	0.761905	
0.240602	0.759398	
0.243108	0.756892	
0.245614	0.754386	
0.24812	0.75188	
0.250627	0.749373	
0.253133	0.746867	
0.255639	0.744361	
0.258145	0.741855	
0.260652	0.739348	
0.263158	0.736842	
0.265664	0.734336	
0.26817	0.73183	
0.270677	0.729323	
0.273183	0.726817	
0.275689	0.724311	
0.278195	0.721805	
0.280702	0.719298	
0.283208	0.716792	
0.285714	0.714286	
0.288221	0.711779	
0.290727	0.709273	
0.293233	0.706767	
0.295739	0.704261	
0.298246	0.701754	
0.300752	0.699248	
0.303258	0.696742	
0.305764	0.694236	
0.308271	0.691729	
0.310777	0.689223	
0.313283	0.686717	
0.315789	0.684211	
0.318296	0.681704	
0.320802	0.679198	
0.323308	0.676692	
0.325815	0.674185	
0.328321	0.671679	
0.330827	0.669173	
0.333333	0.666667	
0.33584	0.66416	
0.338346	0.661654	
0.340852	0.659148	
0.343358	0.656642	
0.345865	0.654135	
0.348371	0.651629	
0.350877	0.649123	
0.353383	0.646617	
0.35589	0.64411	
0.358396	0.641604	
0.360902	0.639098	
0.363409	0.636591	
0.365915	0.634085	
0.368421	0.631579	
0.370927	0.629073	
0.373434	0.626566	
0.37594	0.62406	
0.378446	0.621554	
0.380952	0.619048	
0.383459	0.616541	
0.385965	0.614035	
0.388471	0.611529	
0.390977	0.609023	
0.393484	0.606516	
0.39599	0.60401	
0.398496	0.601504	
0.401003	0.598997	
0.403509	0.596491	
0.406015	0.593985	
0.408521	0.591479	
0.411028	0.588972	
0.413534	0.586466	
0.41604	0.58396	
0.418546	0.581454	
0.421053	0.578947	
0.423559	0.576441	
0.426065	0.573935	
0.428571	0.571429	
0.431078	0.568922	
0.433584	0.566416	
0.43609	0.56391	
0.438596	0.561404	
0.441103	0.558897	
0.443609	0.556391	
0.446115	0.553885	
0.448622	0.551378	
0.451128	0.548872	
0.453634	0.546366	
0.45614	0.54386	
0.458647	0.541353	
0.461153	0.538847	
0.463659	0.536341	
0.466165	0.533835	
0.468672	0.531328	
0.471178	0.528822	
0.473684	0.526316	
0.47619	0.52381	
0.478697	0.521303	
0.481203	0.518797	
0.483709	0.516291	
0.486216	0.513784	
0.488722	0.511278	
0.491228	0.508772	
0.493734	0.506266	
0.496241	0.503759	
0.498747	0.501253	
0.501253	0.498747	
0.503759	0.496241	
0.506266	0.493734	
0.508772	0.491228	
0.511278	0.488722	
0.513784	0.486216	
0.516291	0.483709	
0.518797	0.481203	
0.521303	0.478697	
0.52381	0.47619	
0.526316	0.473684	
0.528822	0.471178	
0.531328	0.468672	
0.533835	0.466165	
0.536341	0.463659	
0.538847	0.461153	
0.541353	0.458647	
0.54386	0.45614	
0.546366	0.453634	
0.548872	0.451128	
0.551378	0.448622	
0.553885	0.446115	
0.556391	0.443609	
0.558897	0.441103	
0.561404	0.438596	
0.56391	0.43609	
0.566416	0.433584	
0.568922	0.431078	
0.571429	0.428571	
0.573935	0.426065	
0.576441	0.423559	
0.578947	0.421053	
0.581454	0.418546	
0.58396	0.41604	
0.586466	0.413534	
0.588972	0.411028	
0.591479	0.408521	
0.593985	0.406015	
0.596491	0.403509	
0.598997	0.401003	
0.601504	0.398496	
0.60401	0.39599	
0.606516	0.393484	
0.609023	0.390977	
0.611529	0.388471	
0.614035	0.385965	
0.616541	0.383459	
0.619048	0.380952	
0.621554	0.378446	
0.62406	0.37594	
0.626566	0.373434	
0.629073	0.370927	
0.631579	0.368421	
0.634085	0.365915	
0.636591	0.363409	
0.639098	0.360902	
0.641604	0.358396	
0.64411	0.35589	
0.646617	0.353383	
0.649123	0.350877	
0.651629	0.348371	
0.654135	0.345865	
0.656642	0.343358	
0.659148	0.340852	
0.661654	0.338346	
0.66416	0.33584	
0.666667	0.333333	
0.669173	0.330827	
0.671679	0.328321	
0.674185	0.325815	
0.676692	0.323308	
0.679198	0.320802	
0.681704	0.318296	
0.684211	0.315789	
0.686717	0.313283	
0.689223	0.310777	
0.691729	0.308271	
0.694236	0.305764	
0.696742	0.303258	
0.699248	0.300752	
0.701754	0.298246	
0.704261	0.295739	
0.706767	0.293233	
0.709273	0.290727	
0.711779	0.288221	
0.714286	0.285714	
0.716792	0.283208	
0.719298	0.280702	
0.721805	0.278195	
0.724311	0.275689	
0.726817	0.273183	
0.729323	0.270677	
0.73183	0.26817	
0.734336	0.265664	
0.736842	0.263158	
0.739348	0.260652	
0.741855	0.258145	
0.744361	0.255639	
0.746867	0.253133	
0.749373	0.250627	
0.75188	0.24812	
0.754386	0.245614	
0.756892	0.243108	
0.759398	0.240602	
0.761905	0.238095	
0.764411	0.235589	
0.766917	0.233083	
0.769424	0.230576	
0.77193	0.22807	
0.774436	0.225564	
0.776942	0.223058	
0.779449	0.220551	
0.781955	0.218045	
0.784461	0.215539	
0.786967	0.213033	
0.789474	0.210526	
0.79198	0.20802	
0.794486	0.205514	
0.796992	0.203008	
0.799499	0.200501	
0.802005	0.197995	
0.804511	0.195489	
0.807018	0.192982	
0.809524	0.190476	
0.81203	0.18797	
0.814536	0.185464	
0.817043	0.182957	
0.819549	0.180451	
0.822055	0.177945	
0.824561	0.175439	
0.827068	0.172932	
0.829574	0.170426	
0.83208	0.16792	
0.834586	0.165414	
0.837093	0.162907	
0.839599	0.160401	
0.842105	0.157895	
0.844612	0.155388	
0.847118	0.152882	
0.849624	0.150376	
0.85213	0.14787	
0.854637	0.145363	
0.857143	0.142857	
0.859649	0.140351	
0.862155	0.137845	
0.864662	0.135338	
0.867168	0.132832	
0.869674	0.130326	
0.87218	0.12782	
0.874687	0.125313	
0.877193	0.122807	
0.879699	0.120301	
0.882206	0.117794	
0.884712	0.115288	
0.887218	0.112782	
0.889724	0.110276	
0.892231	0.107769	
0.894737	0.105263	
0.897243	0.102757	
0.899749	0.100251	
0.902256	0.0977444	
0.904762	0.0952381	
0.907268	0.0927318	
0.909774	0.0902256	
0.912281	0.0877193	
0.914787	0.085213	
0.917293	0.0827068	
0.919799	0.0802005	
0.922306	0.0776942	
0.924812	0.075188	
0.927318	0.0726817	
0.929825	0.0701754	
0.932331	0.0676692	
0.934837	0.0651629	
0.937343	0.0626566	
0.93985	0.0601504	
0.942356	0.0576441	
0.944862	0.0551378	
0.947368	0.0526316	
0.949875	0.0501253	
0.952381	0.047619	
0.954887	0.0451128	
0.957393	0.0426065	
0.9599	0.0401003	
0.962406	0.037594	
0.964912	0.0350877	
0.967419	0.0325815	
0.969925	0.0300752	
0.972431	0.0275689	
0.974937	0.0250627	
0.977444	0.0225564	
0.97995	0.0200501	
0.982456	0.0175439	
0.984962	0.0150376	
0.987469	0.0125313	
0.989975	0.0100251	
0.992481	0.0075188	
0.994987	0.00501253	
0.997494	0.00250627	
1	0	
