0	0	0	0	0	0	0	1	
0	0	0	0	0	0	0.333333	0.666667	
0	0	0	0	0	0	0.666667	0.333333	
0	0	0	0	0	0	1	0	
0	0	0	0	0	0.333333	0	0.666667	
0	0	0	0	0	0.333333	0.333333	0.333333	
0	0	0	0	0	0.333333	0.666667	0	
0	0	0	0	0	0.666667	0	0.333333	
0	0	0	0	0	0.666667	0.333333	0	
0	0	0	0	0	1	0	0	
0	0	0	0	0.333333	0	0	0.666667	
0	0	0	0	0.333333	0	0.333333	0.333333	
0	0	0	0	0.333333	0	0.666667	0	
0	0	0	0	0.333333	0.333333	0	0.333333	
0	0	0	0	0.333333	0.333333	0.333333	0	
0	0	0	0	0.333333	0.666667	0	0	
0	0	0	0	0.666667	0	0	0.333333	
0	0	0	0	0.666667	0	0.333333	0	
0	0	0	0	0.666667	0.333333	0	0	
0	0	0	0	1	0	0	0	
0	0	0	0.333333	0	0	0	0.666667	
0	0	0	0.333333	0	0	0.333333	0.333333	
0	0	0	0.333333	0	0	0.666667	0	
0	0	0	0.333333	0	0.333333	0	0.333333	
0	0	0	0.333333	0	0.333333	0.333333	0	
0	0	0	0.333333	0	0.666667	0	0	
0	0	0	0.333333	0.333333	0	0	0.333333	
0	0	0	0.333333	0.333333	0	0.333333	0	
0	0	0	0.333333	0.333333	0.333333	0	0	
0	0	0	0.333333	0.666667	0	0	0	
0	0	0	0.666667	0	0	0	0.333333	
0	0	0	0.666667	0	0	0.333333	0	
0	0	0	0.666667	0	0.333333	0	0	
0	0	0	0.666667	0.333333	0	0	0	
0	0	0	1	0	0	0	0	
0	0	0.333333	0	0	0	0	0.666667	
0	0	0.333333	0	0	0	0.333333	0.333333	
0	0	0.333333	0	0	0	0.666667	0	
0	0	0.333333	0	0	0.333333	0	0.333333	
0	0	0.333333	0	0	0.333333	0.333333	0	
0	0	0.333333	0	0	0.666667	0	0	
0	0	0.333333	0	0.333333	0	0	0.333333	
0	0	0.333333	0	0.333333	0	0.333333	0	
0	0	0.333333	0	0.333333	0.333333	0	0	
0	0	0.333333	0	0.666667	0	0	0	
0	0	0.333333	0.333333	0	0	0	0.333333	
0	0	0.333333	0.333333	0	0	0.333333	0	
0	0	0.333333	0.333333	0	0.333333	0	0	
0	0	0.333333	0.333333	0.333333	0	0	0	
0	0	0.333333	0.666667	0	0	0	0	
0	0	0.666667	0	0	0	0	0.333333	
0	0	0.666667	0	0	0	0.333333	0	
0	0	0.666667	0	0	0.333333	0	0	
0	0	0.666667	0	0.333333	0	0	0	
0	0	0.666667	0.333333	0	0	0	0	
0	0	1	0	0	0	0	0	
0	0.333333	0	0	0	0	0	0.666667	
0	0.333333	0	0	0	0	0.333333	0.333333	
0	0.333333	0	0	0	0	0.666667	0	
0	0.333333	0	0	0	0.333333	0	0.333333	
0	0.333333	0	0	0	0.333333	0.333333	0	
0	0.333333	0	0	0	0.666667	0	0	
0	0.333333	0	0	0.333333	0	0	0.333333	
0	0.333333	0	0	0.333333	0	0.333333	0	
0	0.333333	0	0	0.333333	0.333333	0	0	
0	0.333333	0	0	0.666667	0	0	0	
0	0.333333	0	0.333333	0	0	0	0.333333	
0	0.333333	0	0.333333	0	0	0.333333	0	
0	0.333333	0	0.333333	0	0.333333	0	0	
0	0.333333	0	0.333333	0.333333	0	0	0	
0	0.333333	0	0.666667	0	0	0	0	
0	0.333333	0.333333	0	0	0	0	0.333333	
0	0.333333	0.333333	0	0	0	0.333333	0	
0	0.333333	0.333333	0	0	0.333333	0	0	
0	0.333333	0.333333	0	0.333333	0	0	0	
0	0.333333	0.333333	0.333333	0	0	0	0	
0	0.333333	0.666667	0	0	0	0	0	
0	0.666667	0	0	0	0	0	0.333333	
0	0.666667	0	0	0	0	0.333333	0	
0	0.666667	0	0	0	0.333333	0	0	
0	0.666667	0	0	0.333333	0	0	0	
0	0.666667	0	0.333333	0	0	0	0	
0	0.666667	0.333333	0	0	0	0	0	
0	1	0	0	0	0	0	0	
0.333333	0	0	0	0	0	0	0.666667	
0.333333	0	0	0	0	0	0.333333	0.333333	
0.333333	0	0	0	0	0	0.666667	0	
0.333333	0	0	0	0	0.333333	0	0.333333	
0.333333	0	0	0	0	0.333333	0.333333	0	
0.333333	0	0	0	0	0.666667	0	0	
0.333333	0	0	0	0.333333	0	0	0.333333	
0.333333	0	0	0	0.333333	0	0.333333	0	
0.333333	0	0	0	0.333333	0.333333	0	0	
0.333333	0	0	0	0.666667	0	0	0	
0.333333	0	0	0.333333	0	0	0	0.333333	
0.333333	0	0	0.333333	0	0	0.333333	0	
0.333333	0	0	0.333333	0	0.333333	0	0	
0.333333	0	0	0.333333	0.333333	0	0	0	
0.333333	0	0	0.666667	0	0	0	0	
0.333333	0	0.333333	0	0	0	0	0.333333	
0.333333	0	0.333333	0	0	0	0.333333	0	
0.333333	0	0.333333	0	0	0.333333	0	0	
0.333333	0	0.333333	0	0.333333	0	0	0	
0.333333	0	0.333333	0.333333	0	0	0	0	
0.333333	0	0.666667	0	0	0	0	0	
0.333333	0.333333	0	0	0	0	0	0.333333	
0.333333	0.333333	0	0	0	0	0.333333	0	
0.333333	0.333333	0	0	0	0.333333	0	0	
0.333333	0.333333	0	0	0.333333	0	0	0	
0.333333	0.333333	0	0.333333	0	0	0	0	
0.333333	0.333333	0.333333	0	0	0	0	0	
0.333333	0.666667	0	0	0	0	0	0	
0.666667	0	0	0	0	0	0	0.333333	
0.666667	0	0	0	0	0	0.333333	0	
0.666667	0	0	0	0	0.333333	0	0	
0.666667	0	0	0	0.333333	0	0	0	
0.666667	0	0	0.333333	0	0	0	0	
0.666667	0	0.333333	0	0	0	0	0	
0.666667	0.333333	0	0	0	0	0	0	
1	0	0	0	0	0	0	0	
0.0625	0.0625	0.0625	0.0625	0.0625	0.0625	0.0625	0.5625	
0.0625	0.0625	0.0625	0.0625	0.0625	0.0625	0.3125	0.3125	
0.0625	0.0625	0.0625	0.0625	0.0625	0.0625	0.5625	0.0625	
0.0625	0.0625	0.0625	0.0625	0.0625	0.3125	0.0625	0.3125	
0.0625	0.0625	0.0625	0.0625	0.0625	0.3125	0.3125	0.0625	
0.0625	0.0625	0.0625	0.0625	0.0625	0.5625	0.0625	0.0625	
0.0625	0.0625	0.0625	0.0625	0.3125	0.0625	0.0625	0.3125	
0.0625	0.0625	0.0625	0.0625	0.3125	0.0625	0.3125	0.0625	
0.0625	0.0625	0.0625	0.0625	0.3125	0.3125	0.0625	0.0625	
0.0625	0.0625	0.0625	0.0625	0.5625	0.0625	0.0625	0.0625	
0.0625	0.0625	0.0625	0.3125	0.0625	0.0625	0.0625	0.3125	
0.0625	0.0625	0.0625	0.3125	0.0625	0.0625	0.3125	0.0625	
0.0625	0.0625	0.0625	0.3125	0.0625	0.3125	0.0625	0.0625	
0.0625	0.0625	0.0625	0.3125	0.3125	0.0625	0.0625	0.0625	
0.0625	0.0625	0.0625	0.5625	0.0625	0.0625	0.0625	0.0625	
0.0625	0.0625	0.3125	0.0625	0.0625	0.0625	0.0625	0.3125	
0.0625	0.0625	0.3125	0.0625	0.0625	0.0625	0.3125	0.0625	
0.0625	0.0625	0.3125	0.0625	0.0625	0.3125	0.0625	0.0625	
0.0625	0.0625	0.3125	0.0625	0.3125	0.0625	0.0625	0.0625	
0.0625	0.0625	0.3125	0.3125	0.0625	0.0625	0.0625	0.0625	
0.0625	0.0625	0.5625	0.0625	0.0625	0.0625	0.0625	0.0625	
0.0625	0.3125	0.0625	0.0625	0.0625	0.0625	0.0625	0.3125	
0.0625	0.3125	0.0625	0.0625	0.0625	0.0625	0.3125	0.0625	
0.0625	0.3125	0.0625	0.0625	0.0625	0.3125	0.0625	0.0625	
0.0625	0.3125	0.0625	0.0625	0.3125	0.0625	0.0625	0.0625	
0.0625	0.3125	0.0625	0.3125	0.0625	0.0625	0.0625	0.0625	
0.0625	0.3125	0.3125	0.0625	0.0625	0.0625	0.0625	0.0625	
0.0625	0.5625	0.0625	0.0625	0.0625	0.0625	0.0625	0.0625	
0.3125	0.0625	0.0625	0.0625	0.0625	0.0625	0.0625	0.3125	
0.3125	0.0625	0.0625	0.0625	0.0625	0.0625	0.3125	0.0625	
0.3125	0.0625	0.0625	0.0625	0.0625	0.3125	0.0625	0.0625	
0.3125	0.0625	0.0625	0.0625	0.3125	0.0625	0.0625	0.0625	
0.3125	0.0625	0.0625	0.3125	0.0625	0.0625	0.0625	0.0625	
0.3125	0.0625	0.3125	0.0625	0.0625	0.0625	0.0625	0.0625	
0.3125	0.3125	0.0625	0.0625	0.0625	0.0625	0.0625	0.0625	
0.5625	0.0625	0.0625	0.0625	0.0625	0.0625	0.0625	0.0625	
